
SECRETARIA DE ADMINISTRACION                                                                 OFICINA DE PENSIONES
COMPARATIVO DE NOMINA  PARA EL PAGO A JUBILADOS DEL MES DE JULIO DE 2018                        FECHA: 26/06/2018
===================================================================================================================
                          NOMINA
CVE. DESCRIPCION          JUNIO                 ALTAS           BAJAS         TOTAL        NOMINA       DIFERENCIA
===================================================================================================================

P E R C E P C I O N E S

  1 PENSION MENSUAL   32,586,240.90           80,970.00      33,405.00  32,633,805.90  32,633,805.90           0.00
  1 PENSION MENSUAL       11,523.00 RET.      15,467.00           0.00      26,990.00      26,990.00           0.00
  3 COMP. COMPACTA         2,512.00                0.00           0.00       2,512.00       2,512.00           0.00
  4 AJUSTE PENSION         3,746.00                0.00           0.00       3,746.00       3,746.00           0.00
 14 P.S.M.             6,730,793.00           19,380.00       7,301.00   6,742,872.00   6,742,872.00           0.00
 14 P.S.M.                     0.00            5,472.00           0.00       5,472.00       5,472.00           0.00
 16 DESPENSA           2,622,312.00            7,744.00       2,904.00   2,627,152.00   2,627,152.00           0.00
 16 DESPENSA                   0.00            1,936.00           0.00       1,936.00       1,936.00           0.00
 19 VIDA CARA          1,265,103.00            3,736.00       1,401.00   1,267,438.00   1,267,438.00           0.00
 19 VIDA CARA                  0.00              934.00           0.00         934.00         934.00           0.00
 25 QUINQUENIOS        6,164,030.71           24,630.60      14,102.60   6,174,558.71   6,174,558.71           0.00
 25 QUINQUENIOS                0.00            4,989.80           0.00       4,989.80       4,989.80           0.00
 27 AGUINALDO              2,240.58 RET.           0.00       2,240.58           0.00           0.00           0.00
                     --------------      -------------- -------------- -------------- -------------- --------------
TOTALES:              49,388,501.19          165,259.40      61,354.18  49,492,406.41  49,492,406.41           0.00

D E D U C C I O N E S

 82 AYUDA DE DEFUN        28,845.00              345.00          45.00      29,145.00      29,145.00           0.00
 85 AYUDA UNION JUB       19,100.00              220.00          30.00      19,290.00      19,290.00           0.00
202 FDO.D PENSIONES      393,005.06            7,287.30      13,303.80     386,988.56     386,988.56           0.00
202 FDO.D PENSIONES            0.00            2,429.11           0.00       2,429.11       2,429.11           0.00
204 I.M.S.S.             259,912.70           66,536.24     116,072.57     210,376.37     210,376.37           0.00
205 PRESTAMO PENS.     3,818,938.00          366,212.30     238,766.00   3,946,384.30   3,946,384.30           0.00
206 PRESTAMO HIPOT.      111,588.00            2,288.00           0.00     113,876.00     113,876.00           0.00
217 DESC.JUD.X POR.      327,975.72            4,318.41       5,336.76     326,957.37     326,957.37           0.00
217 DESC.JUD.X POR.        1,500.00 RET.           0.00           0.00       1,500.00       1,500.00           0.00
220 ACREIMEX           1,092,839.00           45,544.00      44,347.00   1,094,036.00   1,094,036.00           0.00
221 DIRECTOS D.R.H.       42,900.00            7,150.00      11,550.00      38,500.00      38,500.00           0.00
226 LINEA BCA.D.R.H       70,788.00            4,212.00       1,943.20      73,056.80      73,056.80           0.00
227 PAQ. MAT. D.R.H       36,645.00                0.00       2,000.00      34,645.00      34,645.00           0.00
241 SERVS. FUNERA.        33,928.00              600.00       1,852.00      32,676.00      32,676.00           0.00
242 INVERPREA            281,437.23            9,569.03       5,228.93     285,777.33     285,777.33           0.00
251 SOLIDEZ DE M         624,074.00           32,692.00      27,677.00     629,089.00     629,089.00           0.00
257 CREDIFIEL             94,997.78                0.00       2,707.10      92,290.68      92,290.68           0.00
260 MULT. TU NOMINA      926,570.33           41,311.63      13,310.68     954,571.28     954,571.28           0.00
265 MONTE DE PIEDAD      202,094.00           17,204.00       2,604.00     216,694.00     216,694.00           0.00
268 CRED.SALVADOR        122,321.00                0.00       3,572.00     118,749.00     118,749.00           0.00
269 TOTAL CREDIT         237,609.61            4,719.80           0.00     242,329.41     242,329.41           0.00
270 MAS NOMINA            42,780.00           10,434.00           0.00      53,214.00      53,214.00           0.00
271 X TU NOMINA           44,965.24            9,298.32           0.00      54,263.56      54,263.56           0.00
272 SUPER CASH           338,927.90           37,538.34           0.00     376,466.24     376,466.24           0.00
273 CREDITO EXPRESS      100,565.00           38,571.00           0.00     139,136.00     139,136.00           0.00
                     --------------      -------------- -------------- -------------- -------------- --------------
TOTALES:               9,254,306.57          708,480.48     490,346.04   9,472,441.01   9,472,441.01           0.00

DIFERENCIA:           40,134,194.62         -543,221.08    -428,991.86  40,019,965.40  40,019,965.40           0.00 