
SECRETARIA DE ADMINISTRACION                                                                 OFICINA DE PENSIONES
COMPARATIVO DE NOMINA ELECTRONICA PARA EL PAGO A PENSIONADOS DEL MES DE JULIO DE 2018           FECHA: 26/06/2018
===================================================================================================================
                          NOMINA
CVE. DESCRIPCION          JUNIO                 ALTAS           BAJAS         TOTAL        NOMINA       DIFERENCIA
===================================================================================================================

P E R C E P C I O N E S

  1 PENSION MENSUAL      790,296.55                0.00       5,173.55     785,123.00     785,123.00           0.00
  1 PENSION MENSUAL        5,044.30 RET.           0.00       5,044.30           0.00           0.00           0.00
 14 P.S.M.                 2,026.92                0.00           0.00       2,026.92       2,026.92           0.00
 16 DESPENSA                 735.68                0.00           0.00         735.68         735.68           0.00
 19 VIDA CARA                354.92                0.00           0.00         354.92         354.92           0.00
 25 QUINQUENIOS            1,487.40                0.00           0.00       1,487.40       1,487.40           0.00
                     --------------      -------------- -------------- -------------- -------------- --------------
TOTALES:                 799,945.77                0.00      10,217.85     789,727.92     789,727.92           0.00

D E D U C C I O N E S

 82 AYUDA DE DEFUN           915.00                0.00          15.00         900.00         900.00           0.00
 85 AYUDA UNION JUB          595.00                0.00          10.00         585.00         585.00           0.00
202 FDO.D PENSIONES       21,149.87                0.00           0.00      21,149.87      21,149.87           0.00
202 FDO.D PENSIONES          453.99 RET.           0.00         453.99           0.00           0.00           0.00
204 I.M.S.S.               8,211.88              874.84         744.34       8,342.38       8,342.38           0.00
205 PRESTAMO PENS.        38,396.00            2,569.00       4,860.00      36,105.00      36,105.00           0.00
206 PRESTAMO HIPOT.        2,590.00              100.00           0.00       2,690.00       2,690.00           0.00
217 DESC.JUD.X POR.        5,917.28 20 %       2,328.74           0.00       8,246.02       8,246.02           0.00
220 ACREIMEX               6,859.00                0.00       2,660.00       4,199.00       4,199.00           0.00
221 DIRECTOS D.R.H.        1,100.00                0.00         275.00         825.00         825.00           0.00
226 LINEA BCA.D.R.H        2,498.40                0.00           0.00       2,498.40       2,498.40           0.00
227 PAQ. MAT. D.R.H        1,750.00                0.00         250.00       1,500.00       1,500.00           0.00
241 SERVS. FUNERA.           504.00                0.00           0.00         504.00         504.00           0.00
242 INVERPREA              3,290.37                0.00           0.00       3,290.37       3,290.37           0.00
251 SOLIDEZ DE M           4,884.00            1,115.00           0.00       5,999.00       5,999.00           0.00
257 CREDIFIEL              3,948.91                0.00           0.00       3,948.91       3,948.91           0.00
260 MULT. TU NOMINA        7,473.63                0.00       1,063.20       6,410.43       6,410.43           0.00
265 MONTE DE PIEDAD        6,016.00                0.00           0.00       6,016.00       6,016.00           0.00
268 CRED.SALVADOR          6,725.00                0.00           0.00       6,725.00       6,725.00           0.00
269 TOTAL CREDIT           4,969.46            1,933.26           0.00       6,902.72       6,902.72           0.00
271 X TU NOMINA                0.00            3,539.03           0.00       3,539.03       3,539.03           0.00
272 SUPER CASH             7,016.92            1,169.73           0.00       8,186.65       8,186.65           0.00
273 CREDITO EXPRESS        2,049.00              939.00           0.00       2,988.00       2,988.00           0.00
                     --------------      -------------- -------------- -------------- -------------- --------------
TOTALES:                 137,313.71           14,568.60      10,331.53     141,550.78     141,550.78           0.00

DIFERENCIA:              662,632.06          -14,568.60        -113.68     648,177.14     648,177.14           0.00 