
SECRETARIA DE ADMINISTRACION                                                                 OFICINA DE PENSIONES
COMPARATIVO DE NOMINA  PARA EL PAGO A JUBILADOS DEL MES DE AGOSTO DE 2018                       FECHA: 26/07/2018
===================================================================================================================
                          NOMINA
CVE. DESCRIPCION          JULIO                 ALTAS           BAJAS         TOTAL        NOMINA       DIFERENCIA
===================================================================================================================

P E R C E P C I O N E S

  1 PENSION MENSUAL   32,633,805.90        1,141,185.10     215,525.90  33,990,516.90  33,990,516.90           0.00
  1 PENSION MENSUAL       26,990.00 RET.      24,838.00      26,990.00      24,838.00      24,838.00           0.00
  3 COMP. COMPACTA         2,512.00                0.00           0.00       2,512.00       2,512.00           0.00
  4 AJUSTE PENSION         3,746.00                0.00           0.00       3,746.00       3,746.00           0.00
 14 P.S.M.             6,742,872.00        1,073,828.00       4,029.00   7,820,729.00   7,820,729.00           0.00
 14 P.S.M.                 5,472.00 RET.         430.00           0.00       5,902.00       5,902.00           0.00
 15 AYUDA DIA/JUB.             0.00        2,757,094.00           0.00   2,757,094.00   2,757,094.00           0.00
 16 DESPENSA           2,627,152.00          145,534.00           0.00   2,772,686.00   2,772,686.00           0.00
 16 DESPENSA               1,936.00 RET.         108.00           0.00       2,044.00       2,044.00           0.00
 19 VIDA CARA          1,267,438.00           56,506.00           0.00   1,323,944.00   1,323,944.00           0.00
 19 VIDA CARA                934.00 RET.          42.00           0.00         976.00         976.00           0.00
 25 QUINQUENIOS        6,174,558.71          244,420.49       7,175.00   6,426,154.20   6,426,154.20           0.00
 25 QUINQUENIOS            4,989.80 RET.       4,592.10       4,989.80       4,592.10       4,592.10           0.00
                     --------------      -------------- -------------- -------------- -------------- --------------
TOTALES:              49,492,406.41        5,448,577.69     194,750.10  55,135,734.20  55,135,734.20           0.00

D E D U C C I O N E S

 82 AYUDA DE DEFUN        29,145.00           47,850.00      28,620.00      48,375.00      48,375.00           0.00
 85 AYUDA UNION JUB       19,290.00              110.00          50.00      19,350.00      19,350.00           0.00
202 FDO.D PENSIONES      386,988.56          394,928.37     386,366.66     395,550.27     395,550.27           0.00
202 FDO.D PENSIONES        2,429.11 RET.       2,235.42       2,429.11       2,235.42       2,235.42           0.00
204 I.M.S.S.             210,376.37           60,450.56      82,630.75     188,196.18     188,196.18           0.00
205 PRESTAMO PENS.     3,946,384.30          221,265.00     171,936.30   3,995,713.00   3,995,713.00           0.00
206 PRESTAMO HIPOT.      113,876.00                0.00       2,634.00     111,242.00     111,242.00           0.00
217 DESC.JUD.X POR.      326,957.37          363,739.06     326,957.37     363,739.06     363,739.06           0.00
217 DESC.JUD.X POR.        1,500.00 RET.         918.80       1,500.00         918.80         918.80           0.00
220 ACREIMEX           1,094,036.00           72,138.00      56,755.00   1,109,419.00   1,109,419.00           0.00
221 DIRECTOS D.R.H.       38,500.00            7,700.00       1,375.00      44,825.00      44,825.00           0.00
226 LINEA BCA.D.R.H       73,056.80           10,616.00      10,874.40      72,798.40      72,798.40           0.00
227 PAQ. MAT. D.R.H       34,645.00            1,500.00       2,250.00      33,895.00      33,895.00           0.00
241 SERVS. FUNERA.        32,676.00              780.00       1,939.00      31,517.00      31,517.00           0.00
242 INVERPREA            285,777.33           43,138.23       7,347.67     321,567.89     321,567.89           0.00
251 SOLIDEZ DE M         629,089.00           18,222.00       6,485.00     640,826.00     640,826.00           0.00
257 CREDIFIEL             92,290.68                0.00       8,668.98      83,621.70      83,621.70           0.00
260 MULT. TU NOMINA      954,571.28           30,138.02      21,761.21     962,948.09     962,948.09           0.00
265 MONTE DE PIEDAD      216,694.00           22,726.00       4,064.00     235,356.00     235,356.00           0.00
268 CRED.SALVADOR        118,749.00                0.00       1,997.00     116,752.00     116,752.00           0.00
269 TOTAL CREDIT         242,329.41            3,453.07       7,927.01     237,855.47     237,855.47           0.00
270 MAS NOMINA            53,214.00           10,190.00           0.00      63,404.00      63,404.00           0.00
271 X TU NOMINA           54,263.56            1,475.72           0.00      55,739.28      55,739.28           0.00
272 SUPER CASH           376,466.24           41,901.85       1,658.26     416,709.83     416,709.83           0.00
273 CREDITO EXPRESS      139,136.00                0.00           0.00     139,136.00     139,136.00           0.00
                     --------------      -------------- -------------- -------------- -------------- --------------
TOTALES:               9,472,441.01        1,355,476.10   1,136,226.72   9,691,690.39   9,691,690.39           0.00

DIFERENCIA:           40,019,965.40        4,093,101.59  -1,330,976.82  45,444,043.81  45,444,043.81           0.00 