
SECRETARIA DE ADMINISTRACION                                                                 OFICINA DE PENSIONES
COMPARATIVO DE NOMINA ELECTRONICA PARA EL PAGO A PENSIONADOS DEL MES DE AGOSTO DE 2018          FECHA: 26/07/2018
===================================================================================================================
                          NOMINA
CVE. DESCRIPCION          JULIO                 ALTAS           BAJAS         TOTAL        NOMINA       DIFERENCIA
===================================================================================================================

P E R C E P C I O N E S

  1 PENSION MENSUAL      785,123.00                0.00           0.00     785,123.00     785,123.00           0.00
 14 P.S.M.                 2,026.92              344.28           0.00       2,371.20       2,371.20           0.00
 14 P.S.M.                     0.00            2,409.96           0.00       2,409.96       2,409.96           0.00
 15 AYUDA DIA/JUB.             0.00              977.00           0.00         977.00         977.00           0.00
 16 DESPENSA                 735.68               41.04           0.00         776.72         776.72           0.00
 16 DESPENSA                   0.00              287.28           0.00         287.28         287.28           0.00
 19 VIDA CARA                354.92               15.96           0.00         370.88         370.88           0.00
 19 VIDA CARA                  0.00              111.72           0.00         111.72         111.72           0.00
 25 QUINQUENIOS            1,487.40               62.47           0.00       1,549.87       1,549.87           0.00
 25 QUINQUENIOS                0.00              455.92           0.00         455.92         455.92           0.00
 27 AGUINALDO                  0.00              437.40           0.00         437.40         437.40           0.00
                     --------------      -------------- -------------- -------------- -------------- --------------
TOTALES:                 789,727.92            5,143.03           0.00     794,870.95     794,870.95           0.00

D E D U C C I O N E S

 82 AYUDA DE DEFUN           900.00            1,500.00         900.00       1,500.00       1,500.00           0.00
 85 AYUDA UNION JUB          585.00                0.00           0.00         585.00         585.00           0.00
202 FDO.D PENSIONES       21,149.87                0.00           0.00      21,149.87      21,149.87           0.00
204 I.M.S.S.               8,342.38            3,924.69           0.00      12,267.07      12,267.07           0.00
205 PRESTAMO PENS.        36,105.00                0.00       3,084.00      33,021.00      33,021.00           0.00
206 PRESTAMO HIPOT.        2,690.00                0.00         100.00       2,590.00       2,590.00           0.00
217 DESC.JUD.X POR.        8,246.02 20%            0.00           0.00       8,246.02       8,246.02           0.00
220 ACREIMEX               4,199.00                0.00           0.00       4,199.00       4,199.00           0.00
221 DIRECTOS D.R.H.          825.00                0.00           0.00         825.00         825.00           0.00
226 LINEA BCA.D.R.H        2,498.40                0.00         277.60       2,220.80       2,220.80           0.00
227 PAQ. MAT. D.R.H        1,500.00                0.00           0.00       1,500.00       1,500.00           0.00
241 SERVS. FUNERA.           504.00                0.00           0.00         504.00         504.00           0.00
242 INVERPREA              3,290.37                0.00           0.00       3,290.37       3,290.37           0.00
251 SOLIDEZ DE M           5,999.00                0.00           0.00       5,999.00       5,999.00           0.00
257 CREDIFIEL              3,948.91                0.00           0.00       3,948.91       3,948.91           0.00
260 MULT. TU NOMINA        6,410.43            2,544.32           0.00       8,954.75       8,954.75           0.00
265 MONTE DE PIEDAD        6,016.00                0.00           0.00       6,016.00       6,016.00           0.00
268 CRED.SALVADOR          6,725.00                0.00           0.00       6,725.00       6,725.00           0.00
269 TOTAL CREDIT           6,902.72                0.00           0.00       6,902.72       6,902.72           0.00
271 X TU NOMINA            3,539.03                0.00           0.00       3,539.03       3,539.03           0.00
272 SUPER CASH             8,186.65                0.00           0.00       8,186.65       8,186.65           0.00
273 CREDITO EXPRESS        2,988.00                0.00           0.00       2,988.00       2,988.00           0.00
                     --------------      -------------- -------------- -------------- -------------- --------------
TOTALES:                 141,550.78            7,969.01       4,361.60     145,158.19     145,158.19           0.00

DIFERENCIA:              648,177.14           -2,825.98      -4,361.60     649,712.76     649,712.76           0.00 