
SECRETARIA DE ADMINISTRACION                                                                 OFICINA DE PENSIONES
COMPARATIVO DE NOMINA ELECTRONICA PARA EL PAGO A PENSIONADOS DEL MES DE MARZO DE 2019           FECHA: 25/02/2019
===================================================================================================================
                          NOMINA
CVE. DESCRIPCION          FEBRERO               ALTAS           BAJAS         TOTAL        NOMINA       DIFERENCIA
===================================================================================================================

P E R C E P C I O N E S

  1 PENSION MENSUAL      867,399.93           12,173.30       1,898.42     877,674.81     877,674.81           0.00
  1 PENSION MENSUAL       19,359.30 RET.      12,173.30      19,359.30      12,173.30      12,173.30           0.00
 14 P.S.M.                 2,371.20                0.00           0.00       2,371.20       2,371.20           0.00
 16 DESPENSA                 776.72                0.00           0.00         776.72         776.72           0.00
 19 VIDA CARA                370.88                0.00           0.00         370.88         370.88           0.00
 25 QUINQUENIOS            1,549.87                0.00           0.00       1,549.87       1,549.87           0.00
                     --------------      -------------- -------------- -------------- -------------- --------------
TOTALES:                 891,827.90           24,346.60      21,257.72     894,916.78     894,916.78           0.00

D E D U C C I O N E S

 82 AYUDA DE DEFUN           900.00            1,200.00         900.00       1,200.00       1,200.00           0.00
 85 AYUDA UNION JUB          585.00                0.00           0.00         585.00         585.00           0.00
202 FDO.D PENSIONES       25,375.82 9%           344.66           0.00      25,720.48      25,720.48           0.00
202 FDO.D PENSIONES          800.02 RET.         466.00         800.02         466.00         466.00           0.00
204 I.M.S.S.              10,991.04            3,583.94       1,164.84      13,410.14      13,410.14           0.00
205 PRESTAMO PENS.        32,451.00            2,320.00       1,309.00      33,462.00      33,462.00           0.00
206 PRESTAMO HIPOT.        2,590.00                0.00           0.00       2,590.00       2,590.00           0.00
217 DESC.JUD.X POR.        5,102.27 20 %           0.00           0.00       5,102.27       5,102.27           0.00
220 ACREIMEX               4,606.00                0.00           0.00       4,606.00       4,606.00           0.00
221 DIRECTOS D.R.H.          550.00                0.00           0.00         550.00         550.00           0.00
226 LINEA BCA.D.R.H        1,388.00                0.00           0.00       1,388.00       1,388.00           0.00
227 PAQ. MAT. D.R.H        1,250.00                0.00           0.00       1,250.00       1,250.00           0.00
241 SERVS. FUNERA.           504.00                0.00           0.00         504.00         504.00           0.00
242 INVERPREA              2,643.76                0.00           0.00       2,643.76       2,643.76           0.00
251 SOLIDEZ DE M           2,436.00                0.00           0.00       2,436.00       2,436.00           0.00
257 CREDIFIEL              3,490.81                0.00           0.00       3,490.81       3,490.81           0.00
260 MULT. TU NOMINA       13,522.93                0.00           0.00      13,522.93      13,522.93           0.00
268 CRED.SALVADOR          5,918.00                0.00           0.00       5,918.00       5,918.00           0.00
269 TOTAL CREDIT           8,848.78                0.00           0.00       8,848.78       8,848.78           0.00
271 X TU NOMINA            4,823.67                0.00           0.00       4,823.67       4,823.67           0.00
272 SUPER CASH            23,446.97            1,674.32           0.00      25,121.29      25,121.29           0.00
273 CREDITO EXPRESS        2,797.00                0.00           0.00       2,797.00       2,797.00           0.00
                     --------------      -------------- -------------- -------------- -------------- --------------
TOTALES:                 155,021.07            9,588.92       4,173.86     160,436.13     160,436.13           0.00

DIFERENCIA:              736,806.83           14,757.68      17,083.86     734,480.65     734,480.65           0.00 