
SECRETARIA DE ADMINISTRACION                                                                 OFICINA DE PENSIONES
COMPARATIVO DE NOMINA  PARA EL PAGO A JUBILADOS DEL MES DE MARZO DE 2019                        FECHA: 25/02/2019
===================================================================================================================
                          NOMINA
CVE. DESCRIPCION          FEBRERO               ALTAS           BAJAS         TOTAL        NOMINA       DIFERENCIA
===================================================================================================================

P E R C E P C I O N E S

  1 PENSION MENSUAL   36,575,948.30          868,752.00      32,328.00  37,412,372.30  37,412,372.30           0.00
  1 PENSION MENSUAL      193,061.90 RET.     511,684.10           0.00     704,746.00     704,746.00           0.00
  3 COMP. COMPACTA         2,512.00                0.00           0.00       2,512.00       2,512.00           0.00
  4 AJUSTE PENSION         3,746.00                0.00           0.00       3,746.00       3,746.00           0.00
 14 P.S.M.             8,385,405.00          192,826.00       8,082.00   8,570,149.00   8,570,149.00           0.00
 14 P.S.M.                33,855.00 RET.     120,677.00           0.00     154,532.00     154,532.00           0.00
 16 DESPENSA           2,960,734.00           63,364.00       3,066.00   3,021,032.00   3,021,032.00           0.00
 16 DESPENSA              12,264.00 RET.      38,325.00           0.00      50,589.00      50,589.00           0.00
 19 VIDA CARA          1,413,736.00           30,790.00       1,464.00   1,443,062.00   1,443,062.00           0.00
 19 VIDA CARA              5,856.00 RET.      18,300.00           0.00      24,156.00      24,156.00           0.00
 25 QUINQUENIOS        6,889,399.41          157,252.60       7,064.10   7,039,587.91   7,039,587.91           0.00
 25 QUINQUENIOS           28,560.35 RET.      96,781.70           0.00     125,342.05     125,342.05           0.00
                     --------------      -------------- -------------- -------------- -------------- --------------
TOTALES:              56,505,077.96        2,098,752.40      52,004.10  58,551,826.26  58,551,826.26           0.00

D E D U C C I O N E S

 69 PAGOS.INDEBIDOS      603,097.22           22,071.07     590,422.99      34,745.30      34,745.30           0.00
 82 AYUDA DE DEFUN        29,805.00           40,260.00      29,805.00      40,260.00      40,260.00           0.00
 85 AYUDA UNION JUB       19,735.00              300.00          40.00      19,995.00      19,995.00           0.00
202 FDO.D PENSIONES      500,421.11           55,373.01      31,613.36     524,180.76     524,180.76           0.00
202 FDO.D PENSIONES       12,254.79 RET.      43,742.61      12,254.79      43,742.61      43,742.61           0.00
204 I.M.S.S.             201,757.25          230,183.26      84,829.07     347,111.44     347,111.44           0.00
205 PRESTAMO PENS.     4,267,128.00          330,053.00     291,477.00   4,305,704.00   4,305,704.00           0.00
206 PRESTAMO HIPOT.      119,734.00                0.00         346.00     119,388.00     119,388.00           0.00
217 DESC.JUD.X POR.      328,398.23 PEA          865.59       6,933.88     322,329.94     322,329.94           0.00
217 DESC.JUD.X POR.          524.00 RET.           0.00           0.00         524.00         524.00           0.00
220 ACREIMEX           1,236,993.00          104,299.00      64,356.00   1,276,936.00   1,276,936.00           0.00
221 DIRECTOS D.R.H.       46,750.00            5,225.00       4,400.00      47,575.00      47,575.00           0.00
226 LINEA BCA.D.R.H       70,539.20            8,353.60      11,688.00      67,204.80      67,204.80           0.00
227 PAQ. MAT. D.R.H       32,575.00            7,250.00       1,625.00      38,200.00      38,200.00           0.00
241 SERVS. FUNERA.        38,758.00              846.00       3,796.00      35,808.00      35,808.00           0.00
242 INVERPREA            338,770.00           33,981.28           0.00     372,751.28     372,751.28           0.00
251 SOLIDEZ DE M         619,012.00           83,120.00      40,699.00     661,433.00     661,433.00           0.00
257 CREDIFIEL             49,519.66           11,198.68           0.00      60,718.34      60,718.34           0.00
260 MULT. TU NOMINA      922,598.20           94,440.70      22,358.45     994,680.45     994,680.45           0.00
265 MONTE DE PIEDAD      261,606.00            3,848.00           0.00     265,454.00     265,454.00           0.00
268 CRED.SALVADOR         86,051.00                0.00           0.00      86,051.00      86,051.00           0.00
269 TOTAL CREDIT         288,458.64           11,146.67       4,942.69     294,662.62     294,662.62           0.00
270 MAS NOMINA            65,858.00            2,723.00           0.00      68,581.00      68,581.00           0.00
271 X TU NOMINA          101,496.56           27,621.80       2,621.23     126,497.13     126,497.13           0.00
272 SUPER CASH           890,873.00          157,587.33      19,419.53   1,029,040.80   1,029,040.80           0.00
273 CREDITO EXPRESS      233,020.00            5,459.00       9,765.00     228,714.00     228,714.00           0.00
274 ADEX                  14,499.01            3,836.87       1,299.18      17,036.70      17,036.70           0.00
                     --------------      -------------- -------------- -------------- -------------- --------------
TOTALES:              11,380,231.87        1,283,785.47   1,234,692.17  11,429,325.17  11,429,325.17           0.00

DIFERENCIA:           45,124,846.09          814,966.93  -1,182,688.07  47,122,501.09  47,122,501.09           0.00 