
SECRETARIA DE ADMINISTRACION                                                                 OFICINA DE PENSIONES
COMPARATIVO DE NOMINA  PARA EL PAGO A JUBILADOS DEL MES DE SEPTIEMBRE DE 2018                   FECHA: 28/08/2018
===================================================================================================================
                          NOMINA
CVE. DESCRIPCION          AGOSTO                ALTAS           BAJAS         TOTAL        NOMINA       DIFERENCIA
===================================================================================================================

P E R C E P C I O N E S

  1 PENSION MENSUAL   33,990,516.90          334,470.00      42,862.00  34,282,124.90  34,282,124.90           0.00
  1 PENSION MENSUAL       24,838.00 RET.      37,034.80           0.00      61,872.80      61,872.80           0.00
  3 COMP. COMPACTA         2,512.00                0.00           0.00       2,512.00       2,512.00           0.00
  4 AJUSTE PENSION         3,746.00                0.00           0.00       3,746.00       3,746.00           0.00
 14 P.S.M.             7,820,729.00           70,508.00      10,126.00   7,881,111.00   7,881,111.00           0.00
 14 P.S.M.                 5,902.00 RET.       8,213.20           0.00      14,115.20      14,115.20           0.00
 15 AYUDA DIA/JUB.     2,757,094.00            1,954.00   2,757,094.00       1,954.00       1,954.00           0.00
 16 DESPENSA           2,772,686.00           23,506.00       4,088.00   2,792,104.00   2,792,104.00           0.00
 16 DESPENSA               2,044.00 RET.       2,452.80           0.00       4,496.80       4,496.80           0.00
 19 VIDA CARA          1,323,944.00           11,224.00       1,952.00   1,333,216.00   1,333,216.00           0.00
 19 VIDA CARA                976.00 RET.       1,171.20           0.00       2,147.20       2,147.20           0.00
 25 QUINQUENIOS        6,426,154.20           66,725.22      11,524.70   6,481,354.72   6,481,354.72           0.00
 25 QUINQUENIOS            4,592.10 RET.       8,887.88           0.00      13,479.98      13,479.98           0.00
 26 REINTEGRO                  0.00            6,140.00           0.00       6,140.00       6,140.00           0.00
                     --------------      -------------- -------------- -------------- -------------- --------------
TOTALES:              55,135,734.20          572,287.10   2,827,646.70  52,880,374.60  52,880,374.60           0.00

D E D U C C I O N E S

 82 AYUDA DE DEFUN        48,375.00           38,980.00      48,375.00      38,980.00      38,980.00           0.00
 85 AYUDA UNION JUB       19,350.00               40.00          35.00      19,355.00      19,355.00           0.00
202 FDO.D PENSIONES      395,550.27           18,760.95       3,029.13     411,282.09     411,282.09           0.00
202 FDO.D PENSIONES        2,235.42 RET.       5,568.55       2,235.42       5,568.55       5,568.55           0.00
204 I.M.S.S.             188,196.18           69,208.59      63,529.38     193,875.39     193,875.39           0.00
205 PRESTAMO PENS.     3,995,713.00          180,198.00     197,852.00   3,978,059.00   3,978,059.00           0.00
206 PRESTAMO HIPOT.      111,242.00            4,941.00         346.00     115,837.00     115,837.00           0.00
217 DESC.JUD.X POR.      363,739.06 PEA      338,782.67     356,761.51     345,760.22     345,760.22           0.00
217 DESC.JUD.X POR.          918.80 RET.           0.00         918.80           0.00           0.00           0.00
220 ACREIMEX           1,109,419.00           72,463.00      73,150.00   1,108,732.00   1,108,732.00           0.00
221 DIRECTOS D.R.H.       44,825.00            3,025.00      12,650.00      35,200.00      35,200.00           0.00
226 LINEA BCA.D.R.H       72,798.40            8,076.00      14,780.00      66,094.40      66,094.40           0.00
227 PAQ. MAT. D.R.H       33,895.00              500.00       2,250.00      32,145.00      32,145.00           0.00
241 SERVS. FUNERA.        31,517.00            1,296.00           0.00      32,813.00      32,813.00           0.00
242 INVERPREA            321,567.89           15,965.01           0.00     337,532.90     337,532.90           0.00
251 SOLIDEZ DE M         640,826.00           20,623.00      21,299.00     640,150.00     640,150.00           0.00
257 CREDIFIEL             83,621.70                0.00       8,452.69      75,169.01      75,169.01           0.00
260 MULT. TU NOMINA      962,948.09           12,803.95      39,200.90     936,551.14     936,551.14           0.00
265 MONTE DE PIEDAD      235,356.00            4,566.00           0.00     239,922.00     239,922.00           0.00
268 CRED.SALVADOR        116,752.00                0.00       4,709.00     112,043.00     112,043.00           0.00
269 TOTAL CREDIT         237,855.47            3,839.85       2,359.03     239,336.29     239,336.29           0.00
270 MAS NOMINA            63,404.00                0.00       7,646.00      55,758.00      55,758.00           0.00
271 X TU NOMINA           55,739.28            1,673.89           0.00      57,413.17      57,413.17           0.00
272 SUPER CASH           416,709.83           44,733.32       1,162.68     460,280.47     460,280.47           0.00
273 CREDITO EXPRESS      139,136.00           51,389.00           0.00     190,525.00     190,525.00           0.00
                     --------------      -------------- -------------- -------------- -------------- --------------
TOTALES:               9,691,690.39          897,433.78     860,741.54   9,728,382.63   9,728,382.63           0.00

DIFERENCIA:           45,444,043.81         -325,146.68   1,966,905.16  43,151,991.97  43,151,991.97           0.00 