
SECRETARIA DE ADMINISTRACION                                                                 OFICINA DE PENSIONES
COMPARATIVO DE NOMINA ELECTRONICA PARA EL PAGO A PENSIONADOS DEL MES DE SEPTIEMBRE DE 2018      FECHA: 28/08/2018
===================================================================================================================
                          NOMINA
CVE. DESCRIPCION          AGOSTO                ALTAS           BAJAS         TOTAL        NOMINA       DIFERENCIA
===================================================================================================================

P E R C E P C I O N E S

  1 PENSION MENSUAL      785,123.00          308,309.56           0.00   1,093,432.56   1,093,432.56           0.00
  1 PENSION MENSUAL            0.00           12,857.18           0.00      12,857.18      12,857.18           0.00
 14 P.S.M.                 2,371.20                0.00           0.00       2,371.20       2,371.20           0.00
 14 P.S.M.                 2,409.96 RET.           0.00       2,409.96           0.00           0.00           0.00
 15 AYUDA DIA/JUB.           977.00                0.00         977.00           0.00           0.00           0.00
 16 DESPENSA                 776.72                0.00           0.00         776.72         776.72           0.00
 16 DESPENSA                 287.28 RET.           0.00         287.28           0.00           0.00           0.00
 19 VIDA CARA                370.88                0.00           0.00         370.88         370.88           0.00
 19 VIDA CARA                111.72 RET.           0.00         111.72           0.00           0.00           0.00
 25 QUINQUENIOS            1,549.87                0.00           0.00       1,549.87       1,549.87           0.00
 25 QUINQUENIOS              455.92 RET.           0.00         455.92           0.00           0.00           0.00
 27 AGUINALDO                437.40 RET.           0.00         437.40           0.00           0.00           0.00
                     --------------      -------------- -------------- -------------- -------------- --------------
TOTALES:                 794,870.95          321,166.74       4,679.28   1,111,358.41   1,111,358.41           0.00

D E D U C C I O N E S

 82 AYUDA DE DEFUN         1,500.00            1,200.00       1,500.00       1,200.00       1,200.00           0.00
 85 AYUDA UNION JUB          585.00                0.00           0.00         585.00         585.00           0.00
202 FDO.D PENSIONES       21,149.87           24,012.07      21,149.87      24,012.07      24,012.07           0.00
202 FDO.D PENSIONES            0.00            1,157.15           0.00       1,157.15       1,157.15           0.00
204 I.M.S.S.              12,267.07            1,164.84       3,583.94       9,847.97       9,847.97           0.00
205 PRESTAMO PENS.        33,021.00            3,726.00       1,101.00      35,646.00      35,646.00           0.00
206 PRESTAMO HIPOT.        2,590.00                0.00           0.00       2,590.00       2,590.00           0.00
217 DESC.JUD.X POR.        8,246.02 20%        8,592.38       8,246.02       8,592.38       8,592.38           0.00
217 DESC.JUD.X POR.            0.00            2,770.68           0.00       2,770.68       2,770.68           0.00
220 ACREIMEX               4,199.00                0.00         895.00       3,304.00       3,304.00           0.00
221 DIRECTOS D.R.H.          825.00                0.00         275.00         550.00         550.00           0.00
226 LINEA BCA.D.R.H        2,220.80                0.00         555.20       1,665.60       1,665.60           0.00
227 PAQ. MAT. D.R.H        1,500.00                0.00           0.00       1,500.00       1,500.00           0.00
241 SERVS. FUNERA.           504.00                0.00           0.00         504.00         504.00           0.00
242 INVERPREA              3,290.37                0.00         646.61       2,643.76       2,643.76           0.00
251 SOLIDEZ DE M           5,999.00                0.00           0.00       5,999.00       5,999.00           0.00
257 CREDIFIEL              3,948.91                0.00         458.10       3,490.81       3,490.81           0.00
260 MULT. TU NOMINA        8,954.75                0.00           0.00       8,954.75       8,954.75           0.00
265 MONTE DE PIEDAD        6,016.00                0.00           0.00       6,016.00       6,016.00           0.00
268 CRED.SALVADOR          6,725.00                0.00           0.00       6,725.00       6,725.00           0.00
269 TOTAL CREDIT           6,902.72              658.00           0.00       7,560.72       7,560.72           0.00
271 X TU NOMINA            3,539.03                0.00           0.00       3,539.03       3,539.03           0.00
272 SUPER CASH             8,186.65                0.00           0.00       8,186.65       8,186.65           0.00
273 CREDITO EXPRESS        2,988.00              932.00           0.00       3,920.00       3,920.00           0.00
                     --------------      -------------- -------------- -------------- -------------- --------------
TOTALES:                 145,158.19           44,213.12      38,410.74     150,960.57     150,960.57           0.00

DIFERENCIA:              649,712.76          276,953.62     -33,731.46     960,397.84     960,397.84           0.00 