
SECRETARIA DE ADMINISTRACION                                                                 OFICINA DE PENSIONES
COMPARATIVO DE NOMINA ELECTRONICA PARA EL PAGO A PENSIONADOS DEL MES DE MAYO DE 2018            FECHA: 24/04/2018
===================================================================================================================
                          NOMINA
CVE. DESCRIPCION          ABRIL                 ALTAS           BAJAS         TOTAL        NOMINA       DIFERENCIA
===================================================================================================================

P E R C E P C I O N E S

  1 PENSION MENSUAL      789,035.67                0.00       3,783.42     785,252.25     785,252.25           0.00
  1 PENSION MENSUAL       13,470.00 RET.           0.00      13,470.00           0.00           0.00           0.00
 14 P.S.M.                 2,026.92                0.00           0.00       2,026.92       2,026.92           0.00
 16 DESPENSA                 735.68                0.00           0.00         735.68         735.68           0.00
 19 VIDA CARA                354.92                0.00           0.00         354.92         354.92           0.00
 25 QUINQUENIOS            1,487.40                0.00           0.00       1,487.40       1,487.40           0.00
 27 AGUINALDO                  0.00           12,783.04           0.00      12,783.04      12,783.04           0.00
                     --------------      -------------- -------------- -------------- -------------- --------------
TOTALES:                 807,110.59           12,783.04      17,253.42     802,640.21     802,640.21           0.00

D E D U C C I O N E S

 82 AYUDA DE DEFUN           305.00              915.00         305.00         915.00         915.00           0.00
 83 CUOTA UNION JUB            0.00              915.00           0.00         915.00         915.00           0.00
 85 AYUDA UNION JUB          595.00                0.00           0.00         595.00         595.00           0.00
202 FDO.D PENSIONES       20,695.88                0.00           0.00      20,695.88      20,695.88           0.00
202 FDO.D PENSIONES        1,212.30 RET.           0.00       1,212.30           0.00           0.00           0.00
204 I.M.S.S.               8,562.31            1,437.92       1,445.18       8,555.05       8,555.05           0.00
205 PRESTAMO PENS.        47,019.00              429.00       2,808.00      44,640.00      44,640.00           0.00
206 PRESTAMO HIPOT.        2,590.00                0.00           0.00       2,590.00       2,590.00           0.00
217 DESC.JUD.X POR.        3,588.54 20%            0.00           0.00       3,588.54       3,588.54           0.00
220 ACREIMEX               6,751.00                0.00           0.00       6,751.00       6,751.00           0.00
221 DIRECTOS D.R.H.        1,100.00              275.00           0.00       1,375.00       1,375.00           0.00
226 LINEA BCA.D.R.H        2,498.40              419.60         555.20       2,362.80       2,362.80           0.00
227 PAQ. MAT. D.R.H        1,500.00              125.00           0.00       1,625.00       1,625.00           0.00
241 SERVS. FUNERA.           504.00                0.00           0.00         504.00         504.00           0.00
242 INVERPREA              3,290.37                0.00           0.00       3,290.37       3,290.37           0.00
251 SOLIDEZ DE M           4,884.00                0.00           0.00       4,884.00       4,884.00           0.00
257 CREDIFIEL              3,948.91                0.00           0.00       3,948.91       3,948.91           0.00
260 MULT. TU NOMINA       10,426.96              590.67       3,544.00       7,473.63       7,473.63           0.00
265 MONTE DE PIEDAD        6,016.00                0.00           0.00       6,016.00       6,016.00           0.00
268 CRED.SALVADOR          6,725.00                0.00           0.00       6,725.00       6,725.00           0.00
269 TOTAL CREDIT           4,969.46                0.00           0.00       4,969.46       4,969.46           0.00
271 X TU NOMINA            2,753.37                0.00           0.00       2,753.37       2,753.37           0.00
272 SUPER CASH             5,397.83            1,619.09           0.00       7,016.92       7,016.92           0.00
273 CREDITO EXPRESS        1,506.00                0.00           0.00       1,506.00       1,506.00           0.00
                     --------------      -------------- -------------- -------------- -------------- --------------
TOTALES:                 146,839.33            6,726.28       9,869.68     143,695.93     143,695.93           0.00

DIFERENCIA:              660,271.26            6,056.76       7,383.74     658,944.28     658,944.28           0.00 