
SECRETARIA DE ADMINISTRACION                                                                 OFICINA DE PENSIONES
COMPARATIVO DE NOMINA  PARA EL PAGO A JUBILADOS DEL MES DE MAYO DE 2018                         FECHA: 24/04/2018
===================================================================================================================
                          NOMINA
CVE. DESCRIPCION          ABRIL                 ALTAS           BAJAS         TOTAL        NOMINA       DIFERENCIA
===================================================================================================================

P E R C E P C I O N E S

  1 PENSION MENSUAL   32,654,018.90                0.00      82,184.00  32,571,834.90  32,571,834.90           0.00
  1 PENSION MENSUAL       31,365.50 RET.           0.00      31,365.50           0.00           0.00           0.00
  3 COMP. COMPACTA         2,512.00                0.00           0.00       2,512.00       2,512.00           0.00
  4 AJUSTE PENSION         3,746.00                0.00           0.00       3,746.00       3,746.00           0.00
 14 P.S.M.             6,747,865.00                0.00      16,282.00   6,731,583.00   6,731,583.00           0.00
 14 P.S.M.                 6,535.00 RET.           0.00       6,535.00           0.00           0.00           0.00
 16 DESPENSA           2,630,056.00                0.00       6,776.00   2,623,280.00   2,623,280.00           0.00
 16 DESPENSA               2,420.00 RET.           0.00       2,420.00           0.00           0.00           0.00
 19 VIDA CARA          1,268,839.00                0.00       3,269.00   1,265,570.00   1,265,570.00           0.00
 19 VIDA CARA              1,167.50 RET.           0.00       1,167.50           0.00           0.00           0.00
 25 QUINQUENIOS        6,180,195.31                0.00      15,466.10   6,164,729.21   6,164,729.21           0.00
 25 QUINQUENIOS            6,172.85 RET.           0.00       6,172.85           0.00           0.00           0.00
 27 AGUINALDO                  0.00       39,089,455.47           0.00  39,089,455.47  39,089,455.47           0.00
                     --------------      -------------- -------------- -------------- -------------- --------------
TOTALES:              49,534,893.06       39,089,455.47     171,637.95  88,452,710.58  88,452,710.58           0.00

D E D U C C I O N E S

 82 AYUDA DE DEFUN         9,455.00           28,740.00       9,455.00      28,740.00      28,740.00           0.00
 83 CUOTA UNION JUB            0.00           47,900.00           0.00      47,900.00      47,900.00           0.00
 85 AYUDA UNION JUB       18,780.00              310.00          60.00      19,030.00      19,030.00           0.00
202 FDO.D PENSIONES      429,247.99                0.00      28,081.55     401,166.44     401,166.44           0.00
202 FDO.D PENSIONES        1,821.82 RET.           0.00       1,821.82           0.00           0.00           0.00
204 I.M.S.S.             338,923.88           81,731.75      56,033.10     364,622.53     364,622.53           0.00
205 PRESTAMO PENS.     3,969,646.00          177,686.00     239,864.00   3,907,468.00   3,907,468.00           0.00
206 PRESTAMO HIPOT.      112,270.00                0.00           0.00     112,270.00     112,270.00           0.00
217 DESC.JUD.X POR.      322,995.98          256,206.42       2,681.40     576,521.00     576,521.00           0.00
217 DESC.JUD.X POR.        1,500.00 RET.           0.00           0.00       1,500.00       1,500.00           0.00
220 ACREIMEX           1,079,634.00           76,770.00      57,403.00   1,099,001.00   1,099,001.00           0.00
221 DIRECTOS D.R.H.       49,912.50            5,912.50       1,237.50      54,587.50      54,587.50           0.00
226 LINEA BCA.D.R.H       75,090.80            8,688.80       1,249.20      82,530.40      82,530.40           0.00
227 PAQ. MAT. D.R.H       38,770.00            1,875.00       2,125.00      38,520.00      38,520.00           0.00
241 SERVS. FUNERA.        33,052.00                0.00         620.00      32,432.00      32,432.00           0.00
242 INVERPREA            246,058.99           15,285.27       6,789.79     254,554.47     254,554.47           0.00
251 SOLIDEZ DE M         627,954.00           22,707.00      14,009.00     636,652.00     636,652.00           0.00
257 CREDIFIEL            105,409.11                0.00           0.00     105,409.11     105,409.11           0.00
260 MULT. TU NOMINA      954,738.45           19,905.02      41,058.31     933,585.16     933,585.16           0.00
265 MONTE DE PIEDAD      185,206.00           13,074.00       1,924.00     196,356.00     196,356.00           0.00
268 CRED.SALVADOR        135,965.00                0.00      13,644.00     122,321.00     122,321.00           0.00
269 TOTAL CREDIT         216,278.54           11,338.28           0.00     227,616.82     227,616.82           0.00
270 MAS NOMINA            37,684.00                0.00           0.00      37,684.00      37,684.00           0.00
271 X TU NOMINA           17,422.52            6,893.95           0.00      24,316.47      24,316.47           0.00
272 SUPER CASH           288,201.21           33,597.41           0.00     321,798.62     321,798.62           0.00
273 CREDITO EXPRESS       73,435.00            9,388.00           0.00      82,823.00      82,823.00           0.00
                     --------------      -------------- -------------- -------------- -------------- --------------
TOTALES:               9,369,452.79          818,009.40     478,056.67   9,709,405.52   9,709,405.52           0.00

DIFERENCIA:           40,165,440.27       38,271,446.07    -306,418.72  78,743,305.06  78,743,305.06           0.00 