
SECRETARIA DE ADMINISTRACION                                                                 OFICINA DE PENSIONES
COMPARATIVO DE NOMINA  PARA EL PAGO A JUBILADOS DEL MES DE ABRIL DE 2019                        FECHA: 21/03/2019
===================================================================================================================
                          NOMINA
CVE. DESCRIPCION          MARZO                 ALTAS           BAJAS         TOTAL        NOMINA       DIFERENCIA
===================================================================================================================

P E R C E P C I O N E S

  1 PENSION MENSUAL   37,412,372.30          205,922.00      65,693.00  37,552,601.30  37,552,601.30           0.00
  1 PENSION MENSUAL      704,746.00 RET.     180,270.00     704,746.00     180,270.00     180,270.00           0.00
  3 COMP. COMPACTA         2,512.00                0.00           0.00       2,512.00       2,512.00           0.00
  4 AJUSTE PENSION         3,746.00                0.00           0.00       3,746.00       3,746.00           0.00
 14 P.S.M.             8,570,149.00           49,397.00      15,318.00   8,604,228.00   8,604,228.00           0.00
 14 P.S.M.               154,532.00 RET.      40,309.00     154,532.00      40,309.00      40,309.00           0.00
 16 DESPENSA           3,021,032.00           17,374.00       5,110.00   3,033,296.00   3,033,296.00           0.00
 16 DESPENSA              50,589.00 RET.      13,286.00      50,589.00      13,286.00      13,286.00           0.00
 19 VIDA CARA          1,443,062.00            8,296.00       2,440.00   1,448,918.00   1,448,918.00           0.00
 19 VIDA CARA             24,156.00 RET.       6,344.00      24,156.00       6,344.00       6,344.00           0.00
 25 QUINQUENIOS        7,039,587.91           43,704.30      14,539.50   7,068,752.71   7,068,752.71           0.00
 25 QUINQUENIOS          125,342.05 RET.      35,664.70     125,342.05      35,664.70      35,664.70           0.00
                     --------------      -------------- -------------- -------------- -------------- --------------
TOTALES:              58,551,826.26          600,567.00   1,162,465.55  57,989,927.71  57,989,927.71           0.00

D E D U C C I O N E S

 69 PAGOS.INDEBIDOS       34,745.30                0.00      34,745.30           0.00           0.00           0.00
 82 AYUDA DE DEFUN        40,260.00           20,280.00      40,260.00      20,280.00      20,280.00           0.00
 85 AYUDA UNION JUB       19,995.00              190.00          40.00      20,145.00      20,145.00           0.00
202 FDO.D PENSIONES      524,180.76           17,267.40      28,005.14     513,443.02     513,443.02           0.00
202 FDO.D PENSIONES       43,742.61 RET.      14,958.72      43,742.61      14,958.72      14,958.72           0.00
204 I.M.S.S.             347,111.44          107,840.56      53,050.76     401,901.24     401,901.24           0.00
205 PRESTAMO PENS.     4,305,704.00          258,609.00     299,037.00   4,265,276.00   4,265,276.00           0.00
206 PRESTAMO HIPOT.      119,388.00                0.00         412.00     118,976.00     118,976.00           0.00
217 DESC.JUD.X POR.      322,329.94 PEA            0.00       3,466.94     318,863.00     318,863.00           0.00
217 DESC.JUD.X POR.          524.00 RET.           0.00         524.00           0.00           0.00           0.00
220 ACREIMEX           1,276,936.00           43,343.00      18,919.00   1,301,360.00   1,301,360.00           0.00
221 DIRECTOS D.R.H.       47,575.00            3,025.00         825.00      49,775.00      49,775.00           0.00
226 LINEA BCA.D.R.H       67,204.80            9,906.00       6,132.80      70,978.00      70,978.00           0.00
227 PAQ. MAT. D.R.H       38,200.00            4,500.00       1,500.00      41,200.00      41,200.00           0.00
241 SERVS. FUNERA.        35,808.00            3,034.00         534.00      38,308.00      38,308.00           0.00
242 INVERPREA            372,751.28            7,810.00       4,215.62     376,345.66     376,345.66           0.00
251 SOLIDEZ DE M         661,433.00           20,052.00           0.00     681,485.00     681,485.00           0.00
257 CREDIFIEL             60,718.34                0.00           0.00      60,718.34      60,718.34           0.00
260 MULT. TU NOMINA      994,680.45           26,795.47      35,768.13     985,707.79     985,707.79           0.00
265 MONTE DE PIEDAD      265,454.00           61,257.00       1,976.00     324,735.00     324,735.00           0.00
268 CRED.SALVADOR         86,051.00            1,448.00       2,424.00      85,075.00      85,075.00           0.00
269 TOTAL CREDIT         294,662.62            9,570.75           0.00     304,233.37     304,233.37           0.00
270 MAS NOMINA            68,581.00            6,162.00           0.00      74,743.00      74,743.00           0.00
271 X TU NOMINA          126,497.13            3,361.01       1,900.00     127,958.14     127,958.14           0.00
272 SUPER CASH         1,029,040.80          108,293.49      15,405.39   1,121,928.90   1,121,928.90           0.00
273 CREDITO EXPRESS      228,714.00                0.00       2,954.00     225,760.00     225,760.00           0.00
274 ADEX                  17,036.70           12,452.93       5,898.47      23,591.16      23,591.16           0.00
                     --------------      -------------- -------------- -------------- -------------- --------------
TOTALES:              11,429,325.17          740,156.33     601,736.16  11,567,745.34  11,567,745.34           0.00

DIFERENCIA:           47,122,501.09         -139,589.33     560,729.39  46,422,182.37  46,422,182.37           0.00 