
SECRETARIA DE ADMINISTRACION                                                                 OFICINA DE PENSIONES
COMPARATIVO DE NOMINA  PARA EL PAGO A PENSIONADOS DEL MES DE ABRIL DE 2019                      FECHA: 21/03/2019
===================================================================================================================
                          NOMINA
CVE. DESCRIPCION          MARZO                 ALTAS           BAJAS         TOTAL        NOMINA       DIFERENCIA
===================================================================================================================

P E R C E P C I O N E S

  1 PENSION MENSUAL      877,674.81           19,337.72           0.00     897,012.53     897,012.53           0.00
  1 PENSION MENSUAL       12,173.30 RET.       7,164.42           0.00      19,337.72      19,337.72           0.00
 14 P.S.M.                 2,371.20                0.00           0.00       2,371.20       2,371.20           0.00
 16 DESPENSA                 776.72                0.00           0.00         776.72         776.72           0.00
 19 VIDA CARA                370.88                0.00           0.00         370.88         370.88           0.00
 25 QUINQUENIOS            1,549.87                0.00           0.00       1,549.87       1,549.87           0.00
                     --------------      -------------- -------------- -------------- -------------- --------------
TOTALES:                 894,916.78           26,502.14           0.00     921,418.92     921,418.92           0.00

D E D U C C I O N E S

 82 AYUDA DE DEFUN         1,200.00              610.00       1,200.00         610.00         610.00           0.00
 85 AYUDA UNION JUB          585.00               10.00           0.00         595.00         595.00           0.00
202 FDO.D PENSIONES       25,720.48 9%         1,740.39           0.00      27,460.87      27,460.87           0.00
202 FDO.D PENSIONES          466.00 RET.       1,740.39         466.00       1,740.39       1,740.39           0.00
204 I.M.S.S.              13,410.14            1,520.09       4,785.00      10,145.23      10,145.23           0.00
205 PRESTAMO PENS.        33,462.00            1,364.00       3,921.00      30,905.00      30,905.00           0.00
206 PRESTAMO HIPOT.        2,590.00                0.00           0.00       2,590.00       2,590.00           0.00
217 DESC.JUD.X POR.        5,102.27 20 %           0.00           0.00       5,102.27       5,102.27           0.00
220 ACREIMEX               4,606.00                0.00           0.00       4,606.00       4,606.00           0.00
221 DIRECTOS D.R.H.          550.00                0.00           0.00         550.00         550.00           0.00
226 LINEA BCA.D.R.H        1,388.00                0.00           0.00       1,388.00       1,388.00           0.00
227 PAQ. MAT. D.R.H        1,250.00                0.00           0.00       1,250.00       1,250.00           0.00
241 SERVS. FUNERA.           504.00                0.00           0.00         504.00         504.00           0.00
242 INVERPREA              2,643.76                0.00           0.00       2,643.76       2,643.76           0.00
251 SOLIDEZ DE M           2,436.00                0.00           0.00       2,436.00       2,436.00           0.00
257 CREDIFIEL              3,490.81                0.00           0.00       3,490.81       3,490.81           0.00
260 MULT. TU NOMINA       13,522.93                0.00           0.00      13,522.93      13,522.93           0.00
268 CRED.SALVADOR          5,918.00                0.00           0.00       5,918.00       5,918.00           0.00
269 TOTAL CREDIT           8,848.78                0.00           0.00       8,848.78       8,848.78           0.00
271 X TU NOMINA            4,823.67            2,753.37       1,500.00       6,077.04       6,077.04           0.00
272 SUPER CASH            25,121.29              713.56           0.00      25,834.85      25,834.85           0.00
273 CREDITO EXPRESS        2,797.00                0.00           0.00       2,797.00       2,797.00           0.00
                     --------------      -------------- -------------- -------------- -------------- --------------
TOTALES:                 160,436.13           10,451.80      11,872.00     159,015.93     159,015.93           0.00

DIFERENCIA:              734,480.65           16,050.34     -11,872.00     762,402.99     762,402.99           0.00 