
SECRETARIA DE ADMINISTRACION                                                                 OFICINA DE PENSIONES
COMPARATIVO DE NOMINA  PARA EL PAGO A JUBILADOS DEL MES DE JUNIO DE 2018                        FECHA: 25/05/2018
===================================================================================================================
                          NOMINA
CVE. DESCRIPCION          MAYO                  ALTAS           BAJAS         TOTAL        NOMINA       DIFERENCIA
===================================================================================================================

P E R C E P C I O N E S

  1 PENSION MENSUAL   32,571,834.90          104,029.00      89,623.00  32,586,240.90  32,586,240.90           0.00
  1 PENSION MENSUAL            0.00           11,523.00           0.00      11,523.00      11,523.00           0.00
  3 COMP. COMPACTA         2,512.00                0.00           0.00       2,512.00       2,512.00           0.00
  4 AJUSTE PENSION         3,746.00                0.00           0.00       3,746.00       3,746.00           0.00
 14 P.S.M.             6,731,583.00           18,748.00      19,538.00   6,730,793.00   6,730,793.00           0.00
 16 DESPENSA           2,623,280.00            6,776.00       7,744.00   2,622,312.00   2,622,312.00           0.00
 19 VIDA CARA          1,265,570.00            3,269.00       3,736.00   1,265,103.00   1,265,103.00           0.00
 25 QUINQUENIOS        6,164,729.21           17,788.70      18,487.20   6,164,030.71   6,164,030.71           0.00
 27 AGUINALDO         39,089,455.47                0.00  39,089,455.47           0.00           0.00           0.00
 27 AGUINALDO                  0.00            2,240.58           0.00       2,240.58       2,240.58           0.00
                     --------------      -------------- -------------- -------------- -------------- --------------
TOTALES:              88,452,710.58          164,374.28  39,228,583.67  49,388,501.19  49,388,501.19           0.00

D E D U C C I O N E S

 82 AYUDA DE DEFUN        28,740.00              195.00          90.00      28,845.00      28,845.00           0.00
 83 CUOTA UNION JUB       47,900.00                0.00      47,900.00           0.00           0.00           0.00
 85 AYUDA UNION JUB       19,030.00              130.00          60.00      19,100.00      19,100.00           0.00
202 FDO.D PENSIONES      401,166.44            7,456.68      15,618.06     393,005.06     393,005.06           0.00
204 I.M.S.S.             364,622.53           63,500.38     168,210.21     259,912.70     259,912.70           0.00
205 PRESTAMO PENS.     3,907,468.00           88,670.00     177,200.00   3,818,938.00   3,818,938.00           0.00
206 PRESTAMO HIPOT.      112,270.00                0.00         682.00     111,588.00     111,588.00           0.00
217 DESC.JUD.X POR.      576,521.00            7,661.14     256,206.42     327,975.72     327,975.72           0.00
217 DESC.JUD.X POR.        1,500.00 RET.           0.00           0.00       1,500.00       1,500.00           0.00
220 ACREIMEX           1,099,001.00           44,289.00      50,451.00   1,092,839.00   1,092,839.00           0.00
221 DIRECTOS D.R.H.       54,587.50              275.00      11,962.50      42,900.00      42,900.00           0.00
226 LINEA BCA.D.R.H       82,530.40            7,495.20      19,237.60      70,788.00      70,788.00           0.00
227 PAQ. MAT. D.R.H       38,520.00              750.00       2,625.00      36,645.00      36,645.00           0.00
241 SERVS. FUNERA.        32,432.00            2,056.00         560.00      33,928.00      33,928.00           0.00
242 INVERPREA            254,554.47           30,882.76       4,000.00     281,437.23     281,437.23           0.00
251 SOLIDEZ DE M         636,652.00           20,373.00      32,951.00     624,074.00     624,074.00           0.00
257 CREDIFIEL            105,409.11                0.00      10,411.33      94,997.78      94,997.78           0.00
260 MULT. TU NOMINA      933,585.16           18,165.66      25,180.49     926,570.33     926,570.33           0.00
265 MONTE DE PIEDAD      196,356.00           10,918.00       5,180.00     202,094.00     202,094.00           0.00
268 CRED.SALVADOR        122,321.00                0.00           0.00     122,321.00     122,321.00           0.00
269 TOTAL CREDIT         227,616.82            9,992.79           0.00     237,609.61     237,609.61           0.00
270 MAS NOMINA            37,684.00            5,096.00           0.00      42,780.00      42,780.00           0.00
271 X TU NOMINA           24,316.47           20,648.77           0.00      44,965.24      44,965.24           0.00
272 SUPER CASH           321,798.62           20,480.80       3,351.52     338,927.90     338,927.90           0.00
273 CREDITO EXPRESS       82,823.00           17,742.00           0.00     100,565.00     100,565.00           0.00
                     --------------      -------------- -------------- -------------- -------------- --------------
TOTALES:               9,709,405.52          376,778.18     831,877.13   9,254,306.57   9,254,306.57           0.00

DIFERENCIA:           78,743,305.06         -212,403.90  38,396,706.54  40,134,194.62  40,134,194.62           0.00 