
SECRETARIA DE ADMINISTRACION                                                                 OFICINA DE PENSIONES
COMPARATIVO DE NOMINA  PARA EL PAGO A PENSIONADOS DEL MES DE JUNIO DE 2018                      FECHA: 25/05/2018
===================================================================================================================
                          NOMINA
CVE. DESCRIPCION          MAYO                  ALTAS           BAJAS         TOTAL        NOMINA       DIFERENCIA
===================================================================================================================

P E R C E P C I O N E S

  1 PENSION MENSUAL      785,252.25            5,044.30           0.00     790,296.55     790,296.55           0.00
  1 PENSION MENSUAL            0.00            5,044.30           0.00       5,044.30       5,044.30           0.00
 14 P.S.M.                 2,026.92                0.00           0.00       2,026.92       2,026.92           0.00
 16 DESPENSA                 735.68                0.00           0.00         735.68         735.68           0.00
 19 VIDA CARA                354.92                0.00           0.00         354.92         354.92           0.00
 25 QUINQUENIOS            1,487.40                0.00           0.00       1,487.40       1,487.40           0.00
 27 AGUINALDO             12,783.04                0.00      12,783.04           0.00           0.00           0.00
                     --------------      -------------- -------------- -------------- -------------- --------------
TOTALES:                 802,640.21           10,088.60      12,783.04     799,945.77     799,945.77           0.00

D E D U C C I O N E S

 82 AYUDA DE DEFUN           915.00                0.00           0.00         915.00         915.00           0.00
 83 CUOTA UNION JUB          915.00                0.00         915.00           0.00           0.00           0.00
 85 AYUDA UNION JUB          595.00                0.00           0.00         595.00         595.00           0.00
202 FDO.D PENSIONES       20,695.88              453.99           0.00      21,149.87      21,149.87           0.00
202 FDO.D PENSIONES            0.00              453.99           0.00         453.99         453.99           0.00
204 I.M.S.S.               8,555.05            1,735.18       2,078.35       8,211.88       8,211.88           0.00
205 PRESTAMO PENS.        44,640.00                0.00       6,244.00      38,396.00      38,396.00           0.00
206 PRESTAMO HIPOT.        2,590.00                0.00           0.00       2,590.00       2,590.00           0.00
217 DESC.JUD.X POR.        3,588.54 20%        2,328.74           0.00       5,917.28       5,917.28           0.00
220 ACREIMEX               6,751.00            1,173.00       1,065.00       6,859.00       6,859.00           0.00
221 DIRECTOS D.R.H.        1,375.00                0.00         275.00       1,100.00       1,100.00           0.00
226 LINEA BCA.D.R.H        2,362.80              555.20         419.60       2,498.40       2,498.40           0.00
227 PAQ. MAT. D.R.H        1,625.00              250.00         125.00       1,750.00       1,750.00           0.00
241 SERVS. FUNERA.           504.00                0.00           0.00         504.00         504.00           0.00
242 INVERPREA              3,290.37                0.00           0.00       3,290.37       3,290.37           0.00
251 SOLIDEZ DE M           4,884.00                0.00           0.00       4,884.00       4,884.00           0.00
257 CREDIFIEL              3,948.91                0.00           0.00       3,948.91       3,948.91           0.00
260 MULT. TU NOMINA        7,473.63                0.00           0.00       7,473.63       7,473.63           0.00
265 MONTE DE PIEDAD        6,016.00                0.00           0.00       6,016.00       6,016.00           0.00
268 CRED.SALVADOR          6,725.00                0.00           0.00       6,725.00       6,725.00           0.00
269 TOTAL CREDIT           4,969.46                0.00           0.00       4,969.46       4,969.46           0.00
271 X TU NOMINA            2,753.37                0.00       2,753.37           0.00           0.00           0.00
272 SUPER CASH             7,016.92                0.00           0.00       7,016.92       7,016.92           0.00
273 CREDITO EXPRESS        1,506.00              543.00           0.00       2,049.00       2,049.00           0.00
                     --------------      -------------- -------------- -------------- -------------- --------------
TOTALES:                 143,695.93            7,493.10      13,875.32     137,313.71     137,313.71           0.00

DIFERENCIA:              658,944.28            2,595.50      -1,092.28     662,632.06     662,632.06           0.00 